[ControlAllocationPseudoInverse] _effectiveness = 
	-0.54299998	0.54299998	-0.54299998	-0.54299998	0.54299998	0.54299998	0.54299998	-0.54299998	       0	       0	       0	       0	       0              0	       0	       0
	    1.08	   -1.08	0.36000001	   -1.08	    1.08	-0.36000001	0.36000001	-0.36000001	       0	       0	       0	       0	       0              0	       0	       0
	       0	       0	       0	       0	       0	       0	       0	       0	       0	       0	       0	       0	       0	       0	       0	       0
	       0	       0	       0	       0	       0	       0	       0	       0	       0	       0	       0	       0	       0	       0	       0	       0
	       0	       0	       0	       0	       0	       0	       0	       0	       0	       0	       0	       0	       0	       0	       0	       0
	      -1	      -1	      -1	      -1	      -1	      -1	      -1	      -1	       0	       0	       0	       0	       0	       0	       0	       0














[ControlAllocationPseudoInverse] _mix = 
	-0.23020263	0.2083333	       0	       0	       0	-0.12500003
	0.23020263	-0.2083333	       0	       0	       0	-0.12500003
	-0.23020263	0.069444433	       0	       0	       0	-0.12500003
	-0.23020263	-0.2083333	       0	       0	       0	-0.12500003
	0.23020263	0.2083333	       0	       0	       0	-0.12500003
	0.23020263	-0.069444433	       0	       0	       0	-0.12500003
	0.23020263	0.069444433	       0	       0	       0	-0.12500003
	-0.23020263	-0.069444433	       0	       0	       0	-0.12500003
	       0	       0	       0	       0	       0	       0
	       0	       0	       0	       0	       0	       0
	       0	       0	       0	       0	       0	       0
	       0	       0	       0	       0	       0	       0
	       0	       0	       0	       0	       0	       0
	       0	       0	       0	       0	       0	       0
	       0	       0	       0	       0	       0	       0
	       0	       0	       0	       0	       0	       0









INFO  [control_allocator]   Effectiveness.T =
	-0.54299998	    1.08	       0	       0	       0	      -1
	0.54299998	   -1.08	       0	       0	       0	      -1
	-0.54299998	0.36000001	       0	       0	       0	      -1
	-0.54299998	   -1.08	       0	       0	       0	      -1
	0.54299998	    1.08	       0	       0	       0	      -1
	0.54299998	-0.36000001	       0	       0	       0	      -1
	0.54299998	0.36000001	       0	       0	       0	      -1
	-0.54299998	-0.36000001	       0	       0	       0	      -1
	       0	       0	       0	       0	       0	       0
	       0	       0	       0	       0	       0	       0
	       0	       0	       0	       0	       0	       0
	       0	       0	       0	       0	       0	       0
	       0	       0	       0	       0	       0	       0
	       0	       0	       0	       0	       0	       0
	       0	       0	       0	       0	       0	       0
	       0	       0	       0	       0	       0	       0















